[[ 0.  1.]
 [ 1.  0.]]
[[ 0.  1.  1.]
 [ 1.  2.  0.]
 [ 1.  0.  0.]]
[[ 0.  2.  3.  1.]
 [ 2.  6.  3.  0.]
 [ 3.  3.  0.  0.]
 [ 1.  0.  0.  0.]]
[[  0.   6.  11.   6.   1.]
 [  6.  22.  18.   4.   0.]
 [ 11.  18.   6.   0.   0.]
 [  6.   4.   0.   0.   0.]
 [  1.   0.   0.   0.   0.]]
[[   0.   24.   50.   35.   10.    1.]
 [  24.  100.  105.   40.    5.    0.]
 [  50.  105.   60.   10.    0.    0.]
 [  35.   40.   10.    0.    0.    0.]
 [  10.    5.    0.    0.    0.    0.]
 [   1.    0.    0.    0.    0.    0.]]
[[   0.  120.  274.  225.   85.   15.    1.]
 [ 120.  548.  675.  340.   75.    6.    0.]
 [ 274.  675.  510.  150.   15.    0.    0.]
 [ 225.  340.  150.   20.    0.    0.    0.]
 [  85.   75.   15.    0.    0.    0.    0.]
 [  15.    6.    0.    0.    0.    0.    0.]
 [   1.    0.    0.    0.    0.    0.    0.]]
